800 63
-100 -48 20
-30 -100 18
-6 100 12
-100 92 20
100 19 18
6 -100 15
77 -100 18
-100 54 11
100 -89 15
100 51 19
-59 -100 20
100 64 16
-66 -100 10
100 -64 17
-100 -83 17
-100 -30 15
100 -2 11
36 -100 13
-78 -100 12
-100 45 16
27 100 12
-100 50 16
-33 100 12
-16 100 11
98 100 13
100 -88 16
84 -100 12
-100 20 19
-100 81 10
-99 -100 12
100 80 18
100 -71 13
62 -100 19
-100 72 15
100 -30 16
91 -100 17
10 100 18
-79 -100 14
-100 -22 14
100 83 20
100 -58 14
55 -100 19
100 0 13
-3 -100 17
-26 100 16
-51 -100 16
100 68 16
-100 42 13
-50 100 14
-60 100 15
20 -100 12
-100 -61 18
-43 100 10
100 -53 13
100 -24 14
53 100 20
100 55 14
-100 -9 11
100 11 20
100 24 15
45 100 12
100 85 10
100 54 11
23 100 10
-2 100 19
-100 55 17
-100 94 14
14 100 19
100 -36 15
30 -100 14
-100 13 10
-64 -100 17
100 31 10
-100 -72 14
-21 100 12
-28 -100 17
90 -100 18
100 90 10
-44 100 10
-100 -60 16
100 38 15
-100 53 16
100 -54 16
100 -52 19
-17 -100 13
60 100 10
-58 -100 12
-87 100 19
100 -60 20
-56 -100 15
-90 -100 19
-100 -63 20
-100 10 14
-80 -100 17
-47 100 18
-100 83 12
-100 51 20
-100 70 11
100 -42 17
71 100 16
100 34 11
-86 100 18
-63 -100 13
-100 -92 11
100 -95 13
-100 -35 16
19 100 16
83 100 13
-65 -100 16
-5 100 14
-27 100 11
15 100 14
100 81 10
-100 -70 16
66 100 11
100 -15 18
100 30 13
-68 100 19
-100 -34 18
-100 31 12
100 53 15
99 -100 13
100 -70 20
100 -86 14
42 100 13
11 -100 11
100 23 14
100 82 15
-100 -80 19
-100 -28 16
100 35 10
-42 -100 18
-100 89 17
-77 -100 20
83 -100 14
87 100 18
-96 100 16
-2 -100 14
100 -59 15
-100 46 17
93 -100 10
-87 -100 20
89 -100 14
-97 -100 19
-100 -21 15
6 100 10
-100 3 12
78 100 17
-48 100 20
28 100 13
-100 -89 15
-82 100 18
-49 -100 17
-100 -12 20
100 20 14
-56 100 16
100 -33 10
-100 14 14
-100 64 20
-92 -100 11
-100 -96 14
-100 60 16
100 -50 20
100 74 13
100 -28 12
100 -55 11
-100 -87 17
11 100 19
71 -100 18
100 -92 16
-100 -19 20
52 -100 15
-4 -100 20
51 100 14
100 50 19
87 -100 19
-100 39 18
-20 100 11
-44 -100 14
0 100 16
-76 100 17
-100 15 10
-100 -46 19
-46 100 17
100 -31 19
100 79 16
-26 -100 19
100 -41 20
-100 -17 18
-89 100 17
5 -100 17
-100 -2 11
-100 -73 20
-100 25 12
-100 -98 17
-30 100 20
-100 -97 18
-79 100 16
100 -90 12
48 -100 11
100 -45 20
-100 -44 16
-36 100 17
100 -48 18
-100 -78 10
100 -77 14
-100 9 13
-61 -100 16
73 -100 15
100 2 20
-100 -99 11
100 7 13
-17 100 11
2 100 16
-100 -6 11
-85 -100 17
4 100 17
100 84 16
100 -51 17
-65 100 11
53 -100 15
-100 -18 13
98 -100 12
-28 100 13
-27 -100 11
-100 100 19
100 -82 19
-100 49 17
-57 100 15
-100 -8 10
-68 -100 20
-29 100 14
31 -100 19
59 -100 19
100 -23 15
100 -39 10
-100 63 10
-100 75 18
-100 26 19
-100 41 18
52 100 19
1 100 17
100 -81 15
100 14 18
89 100 15
-53 -100 18
-29 -100 10
-100 -86 18
100 5 18
100 -94 15
100 -25 12
-100 -67 11
35 -100 12
9 100 16
-100 -16 16
-100 33 20
-100 0 16
16 100 11
100 91 13
-22 100 15
-59 100 18
-51 100 16
100 -20 12
-46 -100 12
-100 -68 17
57 -100 11
100 16 16
-70 -100 13
-100 87 12
-100 -55 13
-100 99 17
100 -29 10
-100 40 18
-100 -90 13
32 100 18
61 100 12
94 -100 10
-100 37 11
93 100 11
100 10 10
-13 100 17
100 49 14
-7 -100 14
-10 100 15
-100 78 14
-73 100 18
-100 -3 11
100 47 17
97 100 13
-100 -27 10
-100 90 13
29 -100 16
100 -37 12
100 -78 11
100 -98 11
-100 -57 11
100 72 11
-100 18 12
22 -100 13
100 -93 19
-100 52 14
28 -100 15
-94 -100 15
100 -19 19
-3 100 17
-1 -100 16
100 -96 15
100 96 15
-34 100 16
-100 30 11
13 100 13
-100 69 10
-100 56 19
-100 -10 10
47 100 18
-100 -38 20
-100 -52 16
-33 -100 15
-100 2 15
-100 -40 13
-69 100 16
39 100 12
-100 36 17
100 -68 16
100 -26 19
-96 -100 18
-100 62 10
100 -63 15
-11 -100 19
-64 100 17
100 -14 19
-19 100 20
-100 -15 10
100 58 12
-21 -100 13
3 -100 16
39 -100 11
-18 -100 11
100 -9 15
-100 -33 14
-100 76 18
92 -100 16
-12 100 20
100 78 18
-32 100 16
64 -100 17
100 88 17
-100 88 19
-93 -100 20
-100 77 14
47 -100 18
-100 91 15
26 -100 12
100 61 14
-47 -100 14
45 -100 14
63 100 14
-63 100 11
100 -43 16
-25 100 13
100 73 11
-100 -36 16
-41 100 15
-100 7 16
-100 -74 20
13 -100 15
-71 100 18
-83 -100 11
-10 -100 10
95 -100 19
38 100 10
100 -83 13
-100 47 11
100 -84 20
100 -18 10
-100 68 17
100 -13 12
-84 -100 18
100 76 14
26 100 10
-100 66 20
-100 27 20
70 -100 15
-100 -29 15
-100 44 17
94 100 20
-100 86 13
100 60 15
100 97 15
-100 -43 10
12 100 20
-97 100 11
-23 100 14
100 29 19
-58 100 11
-15 100 17
-39 100 12
73 100 13
100 -47 10
43 -100 16
-25 -100 12
100 89 20
-88 -100 17
100 -91 11
-100 -7 17
-31 -100 15
-100 -45 17
29 100 17
-100 -39 16
61 -100 17
100 -65 15
-70 100 18
50 100 16
100 22 12
-100 -95 20
100 26 12
43 100 19
100 75 15
-95 -100 12
-53 100 20
-100 -54 15
-84 100 16
-100 67 18
100 -75 13
-100 85 20
100 39 17
21 100 16
-55 100 19
-9 -100 20
-100 -13 13
-77 100 11
100 3 10
81 -100 10
40 100 13
92 100 17
-100 71 12
-100 57 10
100 -69 12
-100 -64 18
46 100 18
86 -100 20
100 25 18
82 100 16
27 -100 19
-6 -100 13
-100 -32 13
37 100 14
18 -100 19
-78 100 18
32 -100 15
58 100 20
100 -100 19
-100 23 18
100 33 14
50 -100 19
-100 -11 13
100 -80 15
100 56 15
-100 -85 10
100 21 12
91 100 20
100 37 17
100 8 20
-72 100 12
-45 100 12
76 -100 16
-100 28 15
15 -100 12
56 -100 13
-100 -20 17
-100 -71 10
-100 -94 11
-11 100 19
-16 -100 19
-94 100 13
44 -100 15
-100 82 13
100 94 17
-100 74 13
9 -100 20
100 -76 19
66 -100 11
-100 -88 14
25 100 17
-100 32 10
-100 -23 14
16 -100 19
100 -17 11
-7 100 15
-12 -100 12
-100 -59 19
8 100 17
-93 100 17
100 -3 20
-100 34 14
69 100 18
-54 100 14
-100 -51 17
-100 12 20
100 -22 20
37 -100 20
100 -34 15
18 100 18
-100 -26 17
-100 29 12
22 100 20
100 43 16
100 -56 10
49 -100 13
100 59 18
41 100 14
100 71 10
64 100 10
100 -46 15
75 100 14
-100 -76 13
54 -100 19
72 100 19
-14 -100 17
96 -100 19
59 100 11
78 -100 11
-100 -4 12
74 -100 17
68 -100 10
-100 -24 10
100 -44 11
-91 -100 20
100 -57 20
-100 -66 10
-100 -31 20
-5 -100 16
100 70 17
-100 16 16
-61 100 13
-100 -50 16
100 95 13
100 -10 16
100 13 15
-100 84 11
76 100 13
-82 -100 14
-49 100 12
-100 -91 11
-98 100 15
100 65 20
100 17 17
-100 4 19
70 100 18
-67 100 11
42 -100 16
3 100 10
-4 100 16
55 100 20
-69 -100 20
79 100 13
58 -100 12
-100 -58 16
-100 61 15
5 100 10
100 27 13
100 -6 15
88 -100 12
-57 -100 10
-1 100 18
-100 -53 16
-22 -100 19
100 -97 20
95 100 17
-35 -100 12
-100 98 17
-100 -84 18
-100 -14 10
100 -11 16
100 -62 17
100 6 15
-100 1 17
-36 -100 15
20 100 17
100 -5 16
100 -85 18
100 86 13
-95 100 16
-74 -100 11
-100 -75 17
25 -100 15
-100 -47 15
100 -87 11
100 12 17
63 -100 12
-34 -100 14
86 100 11
1 -100 17
-48 -100 10
100 -38 17
100 -99 17
8 -100 19
-85 100 14
65 100 14
-100 8 15
12 -100 11
-37 -100 18
100 -27 19
100 41 10
-81 100 13
100 66 15
7 -100 16
-13 -100 18
-40 -100 14
100 -61 11
100 46 10
-76 -100 11
2 -100 18
-62 -100 14
-72 -100 13
100 77 18
10 -100 20
-43 -100 16
-39 -100 10
60 -100 10
-100 -56 11
100 -73 17
100 -35 20
-24 -100 16
100 52 17
-9 100 17
62 100 11
100 -72 13
-100 -100 16
100 -8 19
100 32 10
81 100 12
-100 24 10
35 100 14
7 100 10
-38 100 19
82 -100 20
100 -79 14
-35 100 11
100 63 11
-100 -77 17
-100 38 20
-100 19 12
-31 100 15
-98 -100 19
67 -100 17
67 100 15
46 -100 12
-32 -100 10
-52 100 14
-8 -100 15
-100 43 12
100 -67 18
100 92 16
44 100 12
100 18 19
-67 -100 18
100 48 10
-100 -5 14
-74 100 11
85 -100 13
97 -100 10
38 -100 15
-91 100 15
-45 -100 18
100 62 17
80 100 14
-38 -100 17
36 100 13
34 -100 13
100 100 17
-100 21 17
-100 -79 19
-100 17 12
-100 -1 12
0 -100 16
-100 59 13
88 100 20
100 36 18
96 100 16
56 100 18
-100 -41 18
-100 97 15
100 44 10
100 -7 15
-40 100 11
100 -1 10
74 100 16
100 -40 19
79 -100 18
-100 65 11
-100 11 19
99 100 16
100 45 17
57 100 12
100 15 13
-75 100 12
-80 100 10
54 100 13
-100 73 14
-100 35 19
-100 -69 16
100 -12 19
-60 -100 16
68 100 11
85 100 18
-100 22 15
33 100 13
24 100 13
-8 100 13
-55 -100 15
100 9 20
-99 100 17
84 100 14
100 -66 13
100 99 14
-41 -100 18
100 28 12
49 100 11
4 -100 14
-23 -100 18
-18 100 18
-52 -100 13
-100 6 11
100 67 20
100 4 11
31 100 17
-73 -100 14
69 -100 11
-100 -25 16
100 57 10
-92 100 19
100 87 14
100 40 19
-100 -62 10
100 42 20
-100 79 17
30 100 17
90 100 16
23 -100 12
100 1 19
-81 -100 11
-90 100 18
-83 100 11
-100 80 18
100 93 17
19 -100 10
-100 96 16
-100 5 12
17 100 13
-88 100 10
-15 -100 12
-100 -37 10
-100 -81 13
-71 -100 13
-100 95 17
33 -100 11
80 -100 19
-100 -42 17
100 -4 10
24 -100 12
48 100 12
-37 100 12
-19 -100 14
21 -100 14
-42 100 11
-100 93 15
41 -100 14
100 98 13
-62 100 10
-86 -100 20
100 -21 18
77 100 17
34 100 18
-100 -82 14
100 69 17
100 -74 14
-50 -100 19
-20 -100 19
-66 100 16
-54 -100 19
-14 100 17
-89 -100 20
-24 100 12
-100 -93 12
-100 -65 20
75 -100 15
-100 48 20
14 -100 15
-100 58 13
65 -100 17
100 -32 14
72 -100 17
17 -100 11
100 -49 10
-75 -100 18
51 -100 10
40 -100 20
-100 -49 11
100 -16 12
